pp_dynamic_access_offchip_memory_vecadd_repeat_.256.960.185.364.1920.exec.log:256 960 364 Time: 1534.656085 (ms), GFlopsS: 10.783835 GBytesS: 129.406023 nytes: 198593740800.000000 nBytesPerS: 129406023109.079834
pp_dynamic_access_offchip_memory_vecadd_repeat_.256.960.185.364.3840.exec.log:256 960 364 Time: 1532.110000 (ms), GFlopsS: 10.801756 GBytesS: 129.621072 nytes: 198593740800.000000 nBytesPerS: 129621072116.231873
pp_dynamic_access_offchip_memory_vecadd_repeat_.256.960.185.364.6720.exec.log:256 960 364 Time: 1531.851221 (ms), GFlopsS: 10.803581 GBytesS: 129.642969 nytes: 198593740800.000000 nBytesPerS: 129642969289.378540
pp_dynamic_access_offchip_memory_vecadd_repeat_.256.960.185.364.960.exec.log:256 960 364 Time: 1544.887421 (ms), GFlopsS: 10.712417 GBytesS: 128.549005 nytes: 198593740800.000000 nBytesPerS: 128549004995.749786
pp_dynamic_access_offchip_memory_vecadd_repeat_.256.960.369.182.1920.exec.log:256 960 182 Time: 1526.152259 (ms), GFlopsS: 10.814616 GBytesS: 129.775388 nytes: 198057000960.000000 nBytesPerS: 129775387607.639740
pp_dynamic_access_offchip_memory_vecadd_repeat_.256.960.369.182.6720.exec.log:256 960 182 Time: 1522.997159 (ms), GFlopsS: 10.837020 GBytesS: 130.044235 nytes: 198057000960.000000 nBytesPerS: 130044235335.307022
pp_dynamic_access_offchip_memory_vecadd_repeat_.256.960.369.182.960.exec.log:256 960 182 Time: 1535.738521 (ms), GFlopsS: 10.747110 GBytesS: 128.965314 nytes: 198057000960.000000 nBytesPerS: 128965314245.705505
pp_dynamic_access_offchip_memory_vecadd_repeat_.260.1024.362.168.1024.exec.log:260 1024 168 Time: 1506.456830 (ms), GFlopsS: 10.748168 GBytesS: 128.978022 nytes: 194299822080.000000 nBytesPerS: 128978021945.706863
pp_dynamic_access_offchip_memory_vecadd_repeat_.260.1024.362.168.12288.exec.log:260 1024 168 Time: 1495.263693 (ms), GFlopsS: 10.828626 GBytesS: 129.943516 nytes: 194299822080.000000 nBytesPerS: 129943516310.604340
pp_dynamic_access_offchip_memory_vecadd_repeat_.260.1024.362.168.2048.exec.log:260 1024 168 Time: 1498.392050 (ms), GFlopsS: 10.806018 GBytesS: 129.672219 nytes: 194299822080.000000 nBytesPerS: 129672219016.378265
pp_dynamic_access_offchip_memory_vecadd_repeat_.260.1024.362.168.3072.exec.log:260 1024 168 Time: 1496.678744 (ms), GFlopsS: 10.818388 GBytesS: 129.820660 nytes: 194299822080.000000 nBytesPerS: 129820659816.893875
pp_dynamic_access_offchip_memory_vecadd_repeat_.260.1024.362.168.4096.exec.log:260 1024 168 Time: 1495.454662 (ms), GFlopsS: 10.827244 GBytesS: 129.926923 nytes: 194299822080.000000 nBytesPerS: 129926922572.260498
pp_dynamic_access_offchip_memory_vecadd_repeat_.260.1024.362.168.6144.exec.log:260 1024 168 Time: 1495.168358 (ms), GFlopsS: 10.829317 GBytesS: 129.951802 nytes: 194299822080.000000 nBytesPerS: 129951801775.623199
pp_dynamic_access_offchip_memory_vecadd_repeat_.260.1024.362.168.7168.exec.log:260 1024 168 Time: 1495.107154 (ms), GFlopsS: 10.829760 GBytesS: 129.957122 nytes: 194299822080.000000 nBytesPerS: 129957121508.094925
pp_dynamic_access_offchip_memory_vecadd_repeat_.260.1024.362.168.8192.exec.log:260 1024 168 Time: 1495.241859 (ms), GFlopsS: 10.828784 GBytesS: 129.945414 nytes: 194299822080.000000 nBytesPerS: 129945413787.402542
