pp_dynamic_access_offchip_memory_vecadd_repeat_.256.960.185.364.1920.exec.log:256 960 364 Time: 1551.380177 (ms), GFlopsS: 10.667584 GBytesS: 128.011008 nytes: 198593740800.000000 nBytesPerS: 128011008355.175079
pp_dynamic_access_offchip_memory_vecadd_repeat_.256.960.185.364.3840.exec.log:256 960 364 Time: 1503.659446 (ms), GFlopsS: 11.006135 GBytesS: 132.073616 nytes: 198593740800.000000 nBytesPerS: 132073616355.282089
pp_dynamic_access_offchip_memory_vecadd_repeat_.256.960.185.364.6720.exec.log:256 960 364 Time: 1587.953032 (ms), GFlopsS: 10.421894 GBytesS: 125.062730 nytes: 198593740800.000000 nBytesPerS: 125062729689.098267
pp_dynamic_access_offchip_memory_vecadd_repeat_.256.960.185.364.960.exec.log:256 960 364 Time: 1925.754510 (ms), GFlopsS: 8.593763 GBytesS: 103.125159 nytes: 198593740800.000000 nBytesPerS: 103125159395.316696
pp_dynamic_access_offchip_memory_vecadd_repeat_.256.960.369.182.1920.exec.log:256 960 182 Time: 1542.836847 (ms), GFlopsS: 10.697664 GBytesS: 128.371967 nytes: 198057000960.000000 nBytesPerS: 128371967097.568283
pp_dynamic_access_offchip_memory_vecadd_repeat_.256.960.369.182.6720.exec.log:256 960 182 Time: 1587.718121 (ms), GFlopsS: 10.395265 GBytesS: 124.743176 nytes: 198057000960.000000 nBytesPerS: 124743175970.843491
pp_dynamic_access_offchip_memory_vecadd_repeat_.256.960.369.182.960.exec.log:256 960 182 Time: 1899.510946 (ms), GFlopsS: 8.688947 GBytesS: 104.267365 nytes: 198057000960.000000 nBytesPerS: 104267364911.515488
pp_dynamic_access_offchip_memory_vecadd_repeat_.260.1024.362.168.1024.exec.log:260 1024 168 Time: 1914.985347 (ms), GFlopsS: 8.455235 GBytesS: 101.462824 nytes: 194299822080.000000 nBytesPerS: 101462824446.353317
pp_dynamic_access_offchip_memory_vecadd_repeat_.260.1024.362.168.12288.exec.log:260 1024 168 Time: 1481.466301 (ms), GFlopsS: 10.929477 GBytesS: 131.153724 nytes: 194299822080.000000 nBytesPerS: 131153723813.256012
pp_dynamic_access_offchip_memory_vecadd_repeat_.260.1024.362.168.2048.exec.log:260 1024 168 Time: 1506.465804 (ms), GFlopsS: 10.748104 GBytesS: 128.977254 nytes: 194299822080.000000 nBytesPerS: 128977253625.068024
pp_dynamic_access_offchip_memory_vecadd_repeat_.260.1024.362.168.3072.exec.log:260 1024 168 Time: 1523.445552 (ms), GFlopsS: 10.628310 GBytesS: 127.539722 nytes: 194299822080.000000 nBytesPerS: 127539721931.591568
pp_dynamic_access_offchip_memory_vecadd_repeat_.260.1024.362.168.4096.exec.log:260 1024 168 Time: 1470.211923 (ms), GFlopsS: 11.013141 GBytesS: 132.157697 nytes: 194299822080.000000 nBytesPerS: 132157697159.418289
pp_dynamic_access_offchip_memory_vecadd_repeat_.260.1024.362.168.6144.exec.log:260 1024 168 Time: 1442.267876 (ms), GFlopsS: 11.226522 GBytesS: 134.718262 nytes: 194299822080.000000 nBytesPerS: 134718262337.557617
pp_dynamic_access_offchip_memory_vecadd_repeat_.260.1024.362.168.7168.exec.log:260 1024 168 Time: 1547.721370 (ms), GFlopsS: 10.461606 GBytesS: 125.539277 nytes: 194299822080.000000 nBytesPerS: 125539277189.149368
pp_dynamic_access_offchip_memory_vecadd_repeat_.260.1024.362.168.8192.exec.log:260 1024 168 Time: 1547.277577 (ms), GFlopsS: 10.464607 GBytesS: 125.575285 nytes: 194299822080.000000 nBytesPerS: 125575284595.493103
